Molecule # Iso Abundance     Q(296K)      gj    Molar Mass(g)
   H2O (1)
         161  9.97317E-01    1.7458E+02    1     18.010565    1
         181  1.99983E-03    1.7605E+02    1     20.014811    2
         171  3.71884E-04    1.0521E+03    6     19.014780    3
         162  3.10693E-04    8.6474E+02    6     19.016740    4
         182  6.23003E-07    8.7557E+02    6     21.020985    5
         172  1.15853E-07    5.2268E+03   36     20.020956    6
         262  2.41974E-08    1.0278E+03    1     20.022915  129
   CO2 (2)
         626  9.84204E-01    2.8609E+02    1     43.989830    7
         636  1.10574E-02    5.7664E+02    2     44.993185    8
         628  3.94707E-03    6.0781E+02    1     45.994076    9
         627  7.33989E-04    3.5426E+03    6     44.994045   10
         638  4.43446E-05    1.2255E+03    2     46.997431   11
         637  8.24623E-06    7.1413E+03   12     45.997400   12
         828  3.95734E-06    3.2342E+02    1     47.998320   13
         827  1.47180E-06    3.7666E+03    6     46.998291   14
         727  1.36847E-07    1.0972E+04    1     45.998262  121
         838  4.44600E-08    6.5224E+02    2     49.001675   15
         837  1.65354E-08    7.5950E+03   12     48.001646  120
         737  1.53745E-09    2.2120E+04    2     47.001618  122
    O3 (3)
         666  9.92901E-01    3.4750E+03    1     47.984745   16
         668  3.98194E-03    7.5846E+03    1     49.988991   17
         686  1.99097E-03    3.7030E+03    1     49.988991   18
         667  7.40475E-04    4.4044E+04    6     48.988960   19
         676  3.70237E-04    2.1742E+04    6     48.988960   20
   N2O (4)
         446  9.90333E-01    4.9849E+03    9     44.001062   21
         456  3.64093E-03    3.3616E+03    6     44.998096   22
         546  3.64093E-03    3.4580E+03    6     44.998096   23
         448  1.98582E-03    5.3135E+03    9     46.005308   24
         447  3.69280E-04    3.0966E+04   54     45.005278   25
    CO (5)
          26  9.86544E-01    1.0742E+02    1     27.994915   26
          36  1.10836E-02    2.2469E+02    2     28.998270   27
          28  1.97822E-03    1.1277E+02    1     29.999161   28
          27  3.67867E-04    6.6117E+02    6     28.999130   29
          38  2.22250E-05    2.3644E+02    2     31.002516   30
          37  4.13292E-06    1.3847E+03   12     30.002485   31
   CH4 (6)
         211  9.88274E-01    5.9053E+02    1     16.031300   32
         311  1.11031E-02    1.1811E+03    2     17.034655   33
         212  6.15751E-04    4.7947E+03    3     17.037475   34
         312  6.91785E-06    9.6010E+03    6     18.040830   35
    O2 (7)
          66  9.95262E-01    2.1573E+02    1     31.989830   36
          68  3.99141E-03    4.5523E+02    1     33.994076   37
          67  7.42235E-04    2.6581E+03    6     32.994045   38
    NO (8)
          46  9.93974E-01    1.1411E+03    3     29.997989   39
          56  3.65431E-03    7.8831E+02    2     30.995023   40
          48  1.99312E-03    1.1825E+03    3     32.002234   41
   SO2 (9)
         626  9.45678E-01    6.3391E+03    1     63.961901   42
         646  4.19503E-02    6.3678E+03    1     65.957695   43
         636  7.46446E-03    2.5607E+04    4     64.961286  137
         628  3.79256E-03    1.3681E+04    1     65.966146  138
   NO2 (10)
         646  9.91616E-01    1.3575E+04    3     45.992904   44
         656  3.64564E-03    9.2929E+03    2     46.989938  130
   NH3 (11)
        4111  9.95872E-01    1.7252E+03    3     17.026549   45
        5111  3.66129E-03    1.1533E+03    2     18.023583   46
  HNO3 (12)
         146  9.89110E-01    2.1393E+05    6     62.995644   47
         156  3.63643E-03    1.4313E+05    4     63.992678  117
    OH (13)
          61  9.97473E-01    8.0348E+01    2     17.002740   48
          81  2.00014E-03    8.0881E+01    2     19.006986   49
          62  1.55371E-04    2.0931E+02    3     18.008915   50
    HF (14)
          19  9.99844E-01    4.1469E+01    4     20.006229   51
          29  1.55741E-04    1.1591E+02    6     21.012404  110
   HCl (15)
          15  7.57587E-01    1.6065E+02    8     35.976678   52
          17  2.42257E-01    1.6089E+02    8     37.973729   53
          25  1.18005E-04    4.6278E+02   12     36.982853  107
          27  3.77350E-05    4.6413E+02   12     38.979904  108
   HBr (16)
          19  5.06781E-01    2.0017E+02    8     79.926160   54
          11  4.93063E-01    2.0023E+02    8     81.924115   55
          29  7.89384E-05    5.8640E+02   12     80.932336  111
          21  7.68016E-05    5.8676E+02   12     82.930289  112
    HI (17)
          17  9.99844E-01    3.8899E+02   12    127.912297   56
          27  1.55741E-04    1.1471E+03   18    128.918472  113
   ClO (18)
          56  7.55908E-01    3.2918E+03    4     50.963768   57
          76  2.41720E-01    3.3492E+03    4     52.960819   58
   OCS (19)
         622  9.37395E-01    1.2207E+03    1     59.966986   59
         624  4.15828E-02    1.2531E+03    1     61.962780   60
         632  1.05315E-02    2.4835E+03    2     60.970341   61
         623  7.39908E-03    4.9487E+03    4     60.966371   62
         822  1.87967E-03    1.3134E+03    1     61.971231   63
         634  4.67176E-04    2.5465E+03    2     62.966137  135
  H2CO (20)
         126  9.86237E-01    2.8445E+03    1     30.010565   64
         136  1.10802E-02    5.8368E+03    2     31.013920   65
         128  1.97761E-03    2.9860E+03    1     32.014811   66
  HOCl (21)
         165  7.55790E-01    1.9272E+04    8     51.971593   67
         167  2.41683E-01    1.9613E+04    8     53.968644   68
    N2 (22)
          44  9.92687E-01    4.6710E+02    1     28.006148   69
          45  7.29916E-03    6.4410E+02    6     29.003182  118
   HCN (23)
         124  9.85114E-01    8.9220E+02    6     27.010899   70
         134  1.10676E-02    1.8310E+03   12     28.014254   71
         125  3.62174E-03    6.1528E+02    4     28.007933   72
 CH3Cl (24)
         215  7.48937E-01    5.7915E+04    4     49.992328   73
         217  2.39491E-01    5.8832E+04    4     51.989379   74
  H2O2 (25)
        1661  9.94952E-01    9.8480E+03    1     34.005480   75
  C2H2 (26)
        1221  9.77599E-01    4.1245E+02    1     26.015650   76
        1231  2.19663E-02    1.6557E+03    8     27.019005   77
        1222  3.04550E-04    1.5937E+03    6     27.021825  105
  C2H6 (27)
        1221  9.76990E-01    7.0873E+04    1     30.046950   78
        1231  2.19526E-02    3.6183E+04    2     31.050305  106
   PH3 (28)
        1111  9.99533E-01    3.2494E+03    2     33.997241   79
  COF2 (29)
         269  9.86544E-01    7.0028E+04    1     65.991722   80
         369  1.10837E-02    1.4006E+05    2     66.995078  119
   SF6 (30)
          29  9.50180E-01    1.6110E+06    1    145.962494  126
   H2S (31)
         121  9.49884E-01    5.0579E+02    1     33.987721   81
         141  4.21369E-02    5.0428E+02    1     35.983515   82
         131  7.49766E-03    2.0147E+03    4     34.987105   83
 HCOOH (32)
         126  9.83898E-01    3.9124E+04    4     46.005480   84
   HO2 (33)
         166  9.95107E-01    4.2998E+03    2     32.997655   85
     O (34)
           6  9.97628E-01    6.7212E+00    1     15.994915   86
ClONO2 (35)
        5646  7.49570E-01    4.7864E+06   12     96.956672  127
        7646  2.39694E-01    4.9082E+06   12     98.953723  128
   NO+ (36)
          46  9.93974E-01    3.1166E+02    3     29.997989   87
  HOBr (37)
         169  5.05579E-01    2.8335E+04    8     95.921076   88
         161  4.91894E-01    2.8233E+04    8     97.919030   89
  C2H4 (38)
         221  9.77294E-01    1.1042E+04    1     28.031300   90
         231  2.19595E-02    4.5231E+04    2     29.034655   91
 CH3OH (39)
        2161  9.85930E-01    7.0570E+04    2     32.026215   92
 CH3Br (40)
         219  5.00995E-01    8.3049E+04    4     93.941811   93
         211  4.87433E-01    8.3392E+04    4     95.939764   94
 CH3CN (41)
        2124  9.73866E-01    8.8659E+04    3     41.026549   95
   CF4 (42)
          29  9.88890E-01    1.2686E+05    1     87.993616   96
  C4H2 (43)
        2211  9.55998E-01    9.8215E+03    1     50.015650  116
  HC3N (44)
        1224  9.63346E-01    2.4711E+04    6     51.010899  109
    H2 (45)
          11  9.99688E-01    7.6712E+00    1      2.015650  103
          12  3.11432E-04    2.9874E+01    6      3.021825  115
    CS (46)
          22  9.39624E-01    2.5318E+02    1     43.972070   97
          24  4.16817E-02    2.5774E+02    1     45.967866   98
          32  1.05565E-02    5.3745E+02    2     44.975425   99
          23  7.41668E-03    1.0229E+03    4     44.971456  100
   SO3 (47)
          26  9.43434E-01    7.7833E+03    1     79.956815  114
  C2N2 (48)
        4224  9.70752E-01    1.5585E+04    1     52.006148  123
 COCl2 (49)
        2655  5.66392E-01    1.4800E+06    1     97.932620  124
        2657  3.62235E-01    3.0435E+06   16     99.929672  125
    SO (50)
          26  9.47926E-01    8.4288E+02    1     47.966986  146
          46  4.20500E-02    8.5973E+02    1     49.962782  147
          28  1.90079E-03    9.1052E+02    1     49.971231  148
  CH3F (51)
         219  9.88428E-01    1.4707E+04    2     34.021878  144
  GeH4 (52)
         411  3.65172E-01    1.6341E+03    1     77.952479  139
         211  2.74129E-01    1.6340E+03    1     75.953380  140
         011  2.05072E-01    1.6340E+03    1     73.955550  141
         311  7.75517E-02    1.6341E+04   10     76.954764  142
         611  7.75517E-02    1.6341E+03    1     79.952703  143
   CS2 (53)
         222  8.92811E-01    1.7187E+03    1     75.944140  131
         224  7.92103E-02    2.7975E+03    1     77.939936  132
         223  1.40944E-02    1.1009E+04    4     76.943526  133
         232  1.00306E-02    3.5614E+03    2     76.947495  134
  CH3I (54)
         217  9.88428E-01    1.6427E+05    6    141.927947  145
   NF3 (55)
        4999  9.96337E-01    3.4773E+05    3     70.998286  136
